cells:
len(cells) == 1?  1
0, 0, 9, 1, 84, 中国人寿保险股份有限公司 2015 年年度报告, 
0, 1, 9, 1, 84, , 
0, 2, 1, 1, 84, 董事姓名, 
1, 2, 1, 1, 84, 董事类型, 
2, 2, 1, 1, 84, 本年应参加 董事会次数, 
3, 2, 1, 1, 84, 现场出 席次数, 
4, 2, 1, 1, 84, 以通讯方式 参加次数, 
5, 2, 1, 1, 84, 委托出席 次数, 
6, 2, 1, 1, 84, 缺席 次数, 
7, 2, 1, 1, 84, 出席率, 
8, 2, 1, 20, 84, 是否连续 两次未亲 自参加 会议 否 否 否 否 否 否 否 否 否 否 否 决并主持； ； 。 方式召开 是否连续 两次未亲 自参加 会议 否 否 否 否 是, 
0, 3, 1, 1, 84, 杨明生, 
1, 3, 1, 1, 84, 执行董事, 
2, 3, 1, 1, 84, 2, 
3, 3, 1, 1, 84, 1, 
4, 3, 1, 1, 84, 0, 
5, 3, 1, 1, 84, 注1 1, 
6, 3, 1, 1, 84, 0, 
7, 3, 1, 1, 84, 50%, 
0, 4, 1, 1, 84, 林岱仁, 
1, 4, 1, 1, 84, 执行董事, 
2, 4, 1, 1, 84, 2, 
3, 4, 1, 1, 84, 2, 
4, 4, 1, 1, 84, 0, 
5, 4, 1, 1, 84, 0, 
6, 4, 1, 1, 84, 0, 
7, 4, 1, 1, 84, 100%, 
0, 5, 1, 1, 84, 苏恒轩, 
1, 5, 1, 1, 84, 执行董事, 
2, 5, 1, 1, 84, 2, 
3, 5, 1, 1, 84, 1, 
4, 5, 1, 1, 84, 0, 
5, 5, 1, 1, 84, 注2 1, 
6, 5, 1, 1, 84, 0, 
7, 5, 1, 1, 84, 50%, 
0, 6, 1, 1, 84, 缪 平, 
1, 6, 1, 1, 84, 执行董事, 
2, 6, 1, 1, 84, 2, 
3, 6, 1, 1, 84, 2, 
4, 6, 1, 1, 84, 0, 
5, 6, 1, 1, 84, 0, 
6, 6, 1, 1, 84, 0, 
7, 6, 1, 1, 84, 100%, 
0, 7, 1, 1, 84, 缪建民, 
1, 7, 1, 1, 84, 非执行董事, 
2, 7, 1, 1, 84, 2, 
3, 7, 1, 1, 84, 1, 
4, 7, 1, 1, 84, 0, 
5, 7, 1, 1, 84, 注3 1, 
6, 7, 1, 1, 84, 0, 
7, 7, 1, 1, 84, 50%, 
0, 8, 1, 1, 84, 张响贤, 
1, 8, 1, 1, 84, 非执行董事, 
2, 8, 1, 1, 84, 2, 
3, 8, 1, 1, 84, 2, 
4, 8, 1, 1, 84, 0, 
5, 8, 1, 1, 84, 0, 
6, 8, 1, 1, 84, 0, 
7, 8, 1, 1, 84, 100%, 
0, 9, 1, 1, 84, 王思东, 
1, 9, 1, 1, 84, 非执行董事, 
2, 9, 1, 1, 84, 2, 
3, 9, 1, 1, 84, 1, 
4, 9, 1, 1, 84, 0, 
5, 9, 1, 1, 84, 注4 1, 
6, 9, 1, 1, 84, 0, 
7, 9, 1, 1, 84, 50%, 
0, 10, 1, 1, 84, 莫博世, 
1, 10, 1, 1, 84, 独立董事, 
2, 10, 1, 1, 84, 2, 
3, 10, 1, 1, 84, 2, 
4, 10, 1, 1, 84, 0, 
5, 10, 1, 1, 84, 0, 
6, 10, 1, 1, 84, 0, 
7, 10, 1, 1, 84, 100%, 
0, 11, 1, 1, 84, 梁定邦, 
1, 11, 1, 1, 84, 独立董事, 
2, 11, 1, 1, 84, 2, 
3, 11, 1, 1, 84, 2, 
4, 11, 1, 1, 84, 0, 
5, 11, 1, 1, 84, 0, 
6, 11, 1, 1, 84, 0, 
7, 11, 1, 1, 84, 100%, 
0, 12, 1, 1, 84, 张祖同, 
1, 12, 1, 1, 84, 独立董事, 
2, 12, 1, 1, 84, 2, 
3, 12, 1, 1, 84, 2, 
4, 12, 1, 1, 84, 0, 
5, 12, 1, 1, 84, 0, 
6, 12, 1, 1, 84, 0, 
7, 12, 1, 1, 84, 100%, 
0, 13, 1, 1, 84, 黄益平, 
1, 13, 1, 1, 84, 独立董事, 
2, 13, 1, 1, 84, 2, 
3, 13, 1, 1, 84, 2, 
4, 13, 1, 1, 84, 0, 
5, 13, 1, 1, 84, 0, 
6, 13, 1, 1, 84, 0, 
7, 13, 1, 1, 84, 100%, 
0, 14, 9, 1, 84, 注： 1、 2015 年 4 月 28 日召开的第四届董事会第二十次会议上，杨明生董事长书面委托林岱仁董事出席、表决并主持； 2、 2015 年 4 月 28 日召开的第四届董事会第二十次会议上，苏恒轩董事书面委托缪平董事出席并表决； 3、 2015 年 3 月 10 日召开的第四届董事会第十九次会议上，缪建民董事书面委托张响贤董事出席并表决； 4、 2015 年 4 月 28 日召开的第四届董事会第二十次会议上，王思东董事书面委托张响贤董事出席并表决。 2015 年度，第五届董事会共召开 4 次定期会议，其中现场会议次数 3 次、现场结合通讯方式召开 会议次数 1 次，会议出席情况如下：, 
0, 15, 1, 1, 84, 董事姓名, 
1, 15, 1, 1, 84, 董事类型, 
2, 15, 1, 1, 84, 本年应参加 董事会次数, 
3, 15, 1, 1, 84, 现场出 席次数, 
4, 15, 1, 1, 84, 以通讯方式 参加次数, 
5, 15, 1, 1, 84, 委托出席 次数, 
6, 15, 1, 1, 84, 缺席 次数, 
7, 15, 1, 1, 84, 出席率, 
0, 16, 1, 1, 84, 杨明生, 
1, 16, 1, 1, 84, 执行董事, 
2, 16, 1, 1, 84, 4, 
3, 16, 1, 1, 84, 3, 
4, 16, 1, 1, 84, 0, 
5, 16, 1, 1, 84, 注1 1, 
6, 16, 1, 1, 84, 0, 
7, 16, 1, 1, 84, 75%, 
0, 17, 1, 1, 84, 林岱仁, 
1, 17, 1, 1, 84, 执行董事, 
2, 17, 1, 1, 84, 4, 
3, 17, 1, 1, 84, 4, 
4, 17, 1, 1, 84, 0, 
5, 17, 1, 1, 84, 0, 
6, 17, 1, 1, 84, 0, 
7, 17, 1, 1, 84, 100%, 
0, 18, 1, 1, 84, 许恒平, 
1, 18, 1, 1, 84, 执行董事, 
2, 18, 1, 1, 84, 3, 
3, 18, 1, 1, 84, 3, 
4, 18, 1, 1, 84, 0, 
5, 18, 1, 1, 84, 0, 
6, 18, 1, 1, 84, 0, 
7, 18, 1, 1, 84, 100%, 
0, 19, 1, 1, 84, 徐海峰, 
1, 19, 1, 1, 84, 执行董事, 
2, 19, 1, 1, 84, 3, 
3, 19, 1, 1, 84, 3, 
4, 19, 1, 1, 84, 0, 
5, 19, 1, 1, 84, 0, 
6, 19, 1, 1, 84, 0, 
7, 19, 1, 1, 84, 100%, 
0, 20, 1, 1, 84, 缪建民, 
1, 20, 1, 1, 84, 非执行董事, 
2, 20, 1, 1, 84, 4, 
3, 20, 1, 1, 84, 2, 
4, 20, 1, 1, 84, 0, 
5, 20, 1, 1, 84, 注2 2, 
6, 20, 1, 1, 84, 0, 
7, 20, 1, 1, 84, 50%, 
0, 21, 9, 1, 84, , 

cells:
len(cells) == 1?  1
0, 0, 9, 1, 84, 中国人寿保险股份有限公司 2015 年年度报告, 
0, 1, 9, 1, 84, , 
0, 2, 1, 1, 84, 董事姓名, 
1, 2, 1, 1, 84, 董事类型, 
2, 2, 1, 1, 84, 本年应参加 董事会次数, 
3, 2, 1, 1, 84, 现场出 席次数, 
4, 2, 1, 1, 84, 以通讯方式 参加次数, 
5, 2, 1, 1, 84, 委托出席 次数, 
6, 2, 1, 1, 84, 缺席 次数, 
7, 2, 1, 1, 84, 出席率, 
8, 2, 1, 20, 84, 是否连续 两次未亲 自参加 会议 否 否 否 否 否 否 否 否 否 否 否 决并主持； ； 。 方式召开 是否连续 两次未亲 自参加 会议 否 否 否 否 是, 
0, 3, 1, 1, 84, 杨明生, 
1, 3, 1, 1, 84, 执行董事, 
2, 3, 1, 1, 84, 2, 
3, 3, 1, 1, 84, 1, 
4, 3, 1, 1, 84, 0, 
5, 3, 1, 1, 84, 注1 1, 
6, 3, 1, 1, 84, 0, 
7, 3, 1, 1, 84, 50%, 
0, 4, 1, 1, 84, 林岱仁, 
1, 4, 1, 1, 84, 执行董事, 
2, 4, 1, 1, 84, 2, 
3, 4, 1, 1, 84, 2, 
4, 4, 1, 1, 84, 0, 
5, 4, 1, 1, 84, 0, 
6, 4, 1, 1, 84, 0, 
7, 4, 1, 1, 84, 100%, 
0, 5, 1, 1, 84, 苏恒轩, 
1, 5, 1, 1, 84, 执行董事, 
2, 5, 1, 1, 84, 2, 
3, 5, 1, 1, 84, 1, 
4, 5, 1, 1, 84, 0, 
5, 5, 1, 1, 84, 注2 1, 
6, 5, 1, 1, 84, 0, 
7, 5, 1, 1, 84, 50%, 
0, 6, 1, 1, 84, 缪 平, 
1, 6, 1, 1, 84, 执行董事, 
2, 6, 1, 1, 84, 2, 
3, 6, 1, 1, 84, 2, 
4, 6, 1, 1, 84, 0, 
5, 6, 1, 1, 84, 0, 
6, 6, 1, 1, 84, 0, 
7, 6, 1, 1, 84, 100%, 
0, 7, 1, 1, 84, 缪建民, 
1, 7, 1, 1, 84, 非执行董事, 
2, 7, 1, 1, 84, 2, 
3, 7, 1, 1, 84, 1, 
4, 7, 1, 1, 84, 0, 
5, 7, 1, 1, 84, 注3 1, 
6, 7, 1, 1, 84, 0, 
7, 7, 1, 1, 84, 50%, 
0, 8, 1, 1, 84, 张响贤, 
1, 8, 1, 1, 84, 非执行董事, 
2, 8, 1, 1, 84, 2, 
3, 8, 1, 1, 84, 2, 
4, 8, 1, 1, 84, 0, 
5, 8, 1, 1, 84, 0, 
6, 8, 1, 1, 84, 0, 
7, 8, 1, 1, 84, 100%, 
0, 9, 1, 1, 84, 王思东, 
1, 9, 1, 1, 84, 非执行董事, 
2, 9, 1, 1, 84, 2, 
3, 9, 1, 1, 84, 1, 
4, 9, 1, 1, 84, 0, 
5, 9, 1, 1, 84, 注4 1, 
6, 9, 1, 1, 84, 0, 
7, 9, 1, 1, 84, 50%, 
0, 10, 1, 1, 84, 莫博世, 
1, 10, 1, 1, 84, 独立董事, 
2, 10, 1, 1, 84, 2, 
3, 10, 1, 1, 84, 2, 
4, 10, 1, 1, 84, 0, 
5, 10, 1, 1, 84, 0, 
6, 10, 1, 1, 84, 0, 
7, 10, 1, 1, 84, 100%, 
0, 11, 1, 1, 84, 梁定邦, 
1, 11, 1, 1, 84, 独立董事, 
2, 11, 1, 1, 84, 2, 
3, 11, 1, 1, 84, 2, 
4, 11, 1, 1, 84, 0, 
5, 11, 1, 1, 84, 0, 
6, 11, 1, 1, 84, 0, 
7, 11, 1, 1, 84, 100%, 
0, 12, 1, 1, 84, 张祖同, 
1, 12, 1, 1, 84, 独立董事, 
2, 12, 1, 1, 84, 2, 
3, 12, 1, 1, 84, 2, 
4, 12, 1, 1, 84, 0, 
5, 12, 1, 1, 84, 0, 
6, 12, 1, 1, 84, 0, 
7, 12, 1, 1, 84, 100%, 
0, 13, 1, 1, 84, 黄益平, 
1, 13, 1, 1, 84, 独立董事, 
2, 13, 1, 1, 84, 2, 
3, 13, 1, 1, 84, 2, 
4, 13, 1, 1, 84, 0, 
5, 13, 1, 1, 84, 0, 
6, 13, 1, 1, 84, 0, 
7, 13, 1, 1, 84, 100%, 
0, 14, 9, 1, 84, 注： 1、 2015 年 4 月 28 日召开的第四届董事会第二十次会议上，杨明生董事长书面委托林岱仁董事出席、表决并主持； 2、 2015 年 4 月 28 日召开的第四届董事会第二十次会议上，苏恒轩董事书面委托缪平董事出席并表决； 3、 2015 年 3 月 10 日召开的第四届董事会第十九次会议上，缪建民董事书面委托张响贤董事出席并表决； 4、 2015 年 4 月 28 日召开的第四届董事会第二十次会议上，王思东董事书面委托张响贤董事出席并表决。 2015 年度，第五届董事会共召开 4 次定期会议，其中现场会议次数 3 次、现场结合通讯方式召开 会议次数 1 次，会议出席情况如下：, 
0, 15, 1, 1, 84, 董事姓名, 
1, 15, 1, 1, 84, 董事类型, 
2, 15, 1, 1, 84, 本年应参加 董事会次数, 
3, 15, 1, 1, 84, 现场出 席次数, 
4, 15, 1, 1, 84, 以通讯方式 参加次数, 
5, 15, 1, 1, 84, 委托出席 次数, 
6, 15, 1, 1, 84, 缺席 次数, 
7, 15, 1, 1, 84, 出席率, 
0, 16, 1, 1, 84, 杨明生, 
1, 16, 1, 1, 84, 执行董事, 
2, 16, 1, 1, 84, 4, 
3, 16, 1, 1, 84, 3, 
4, 16, 1, 1, 84, 0, 
5, 16, 1, 1, 84, 注1 1, 
6, 16, 1, 1, 84, 0, 
7, 16, 1, 1, 84, 75%, 
0, 17, 1, 1, 84, 林岱仁, 
1, 17, 1, 1, 84, 执行董事, 
2, 17, 1, 1, 84, 4, 
3, 17, 1, 1, 84, 4, 
4, 17, 1, 1, 84, 0, 
5, 17, 1, 1, 84, 0, 
6, 17, 1, 1, 84, 0, 
7, 17, 1, 1, 84, 100%, 
0, 18, 1, 1, 84, 许恒平, 
1, 18, 1, 1, 84, 执行董事, 
2, 18, 1, 1, 84, 3, 
3, 18, 1, 1, 84, 3, 
4, 18, 1, 1, 84, 0, 
5, 18, 1, 1, 84, 0, 
6, 18, 1, 1, 84, 0, 
7, 18, 1, 1, 84, 100%, 
0, 19, 1, 1, 84, 徐海峰, 
1, 19, 1, 1, 84, 执行董事, 
2, 19, 1, 1, 84, 3, 
3, 19, 1, 1, 84, 3, 
4, 19, 1, 1, 84, 0, 
5, 19, 1, 1, 84, 0, 
6, 19, 1, 1, 84, 0, 
7, 19, 1, 1, 84, 100%, 
0, 20, 1, 1, 84, 缪建民, 
1, 20, 1, 1, 84, 非执行董事, 
2, 20, 1, 1, 84, 4, 
3, 20, 1, 1, 84, 2, 
4, 20, 1, 1, 84, 0, 
5, 20, 1, 1, 84, 注2 2, 
6, 20, 1, 1, 84, 0, 
7, 20, 1, 1, 84, 50%, 
0, 21, 9, 1, 84, , 
